10 break = 00,19,28,37,46,55
11 break = 01,29,38,47,56
12 break = 02,11,39,48,57,66
13 break = 03,12,49,58,67
14 break = 04,13,22,59,68,77
15 break = 05,14,23,69,78
16 break = 06,15,24,33,79,88
17 break = 07,16,25,34,89
18 break = 08,17,26,35,44
19 break = 09,18,27,36,45

power = 05,16,27,38,49

natkhat 07,18,24,35,69

10full = 19,28,37,46

padaythar = 13,14,29,36,47,68,79

5full = 51,52,53,54,55,56,57,57,58,59

vro =01,12,23,34,45,56,67,78,89,90

powerVro = 06,17,28,39,40,51,62,73,84,95

zeroFull = 00,10,20,30,40,50,60,70,80,90

twin = 00,11,22,33,44,55,66,77,88,99



